2
3
4
28
-
3
2
5
28
29
4
-
4
2
25
26
28
3
-
5
3
29
27
-
6
7
9
15
24
27
28
-
7
8
9
6
15
10
-
8
10
7
-
9
7
6
-
10
8
15
7
33
-
11
12
16
17
25
24
13
15
-
12
11
13
15
17
-
13
33
15
17
12
11
-
14
16
17
34
37
31
35
-
15
10
7
6
24
11
12
13
33
-
16
11
17
14
34
-
17
13
14
16
35
33
11
31
12
-
18
20
30
-
19
21
22
30
-
20
18
21
30
-
21
19
20
30
-
22
19
23
-
23
22
-
24
11
15
6
28
26
25
27
-
25
11
24
26
4
-
26
25
24
28
4
-
27
29
5
28
6
24
-
28
26
24
27
29
4
3
2
6
-
29
5
3
28
27
-
30
19
21
20
18
36
34
-
31
38
35
14
34
17
-
33
10
15
13
17
35
-
34
37
14
16
38
36
30
31
-
35
31
17
33
14
-
36
30
34
38
-
37
14
34
-
38
36
34
31
*
1
2
1.2
1.5
3
2
1
1
3
4
3
3
2
2.5
1.5
2
2
3
2
2
3
2
3
3
1
2.5
2
3.5
3
1.5
2
2
3.5
2
2.5
1.5
